913
761
411
388
256
623
611
201
869
550
514
272
404
988
158
243
927
868
380
518
528
803
94
883
14
191
944
171
288
934
501
32
105
147
791
93
103
711
610
610
240
697
975
118
988
129
363
199
231
219
331
439
63
92
694
238
509
483
160
698
635
570
519
969
198
833
325
463
444
265
675
606
867
210
538
69
310
131
23
303
189
843
676
759
330
105
85
242
507
345
204
497
860
680
850
759
400
741
75
894
612
717
369
702
449
267
869
123
819
169
921
345
969
867
835
72
706
253
735
176
301
547
975
948
828
978
189
532
882
417
458
932
129
58
171
933
388
491
409
256
161
210
8
732
926
970
74
508
881
396
104
190
423
545
345
17
829
321
134
452
911
94
139
628
263
900
311
984
270
589
780
958
702
954
247
315
912
688
780
153
419
163
587
686
206
86
709
645
816
874
23
427
651
835
315
628
586
153
509
449
181
625
792
363
605
563
35
900
53
635
44
496
550
779
236
51
867
80
9
270
101
552
698
71
95
125
565
753
539
350
558
346
483
682
663
783
123
479
40
449
569
457
902
729
668
971
145
138
256
683
176
712
775
36
254
907
44
732
412
631
812
591
18
470
879
416
346
266
555
862
299
943
77
638
192
539
854
579
314
519
396
224
102
636
995
998
615
827
508
864
700
686
78
504
910
620
944
860
704
409
392
968
816
253
104
392
370
6
885
390
808
263
421
234
906
711
775
804
439
297
44
205
379
83
411
389
577
353
477
859
7
748
358
574
171
791
901
534
768
572
115
20
247
588
693
628
95
878
275
246
590
664
952
140
180
472
550
693
212
688
630
220
31
997
154
153
653
860
250
266
551
583
14
651
534
129
797
8
866
962
680
896
65
467
850
738
890
791
353
763
22
875
113
999
847
272
681
555
464
584
683
32
732
700
895
935
524
861
167
866
909
130
554
814
410
377
458
24
520
932
106
806
635
644
641
468
310
806
839
410
311
763
637
634
794
282
187
686
249
465
145
125
667
168
625
623
996
461
988
876
31
154
205
580
620
320
583
268
674
17
854
598
596
116
694
703
184
652
690
724
532
378
228
527
790
466
759
396
544
112
438
66
232
27
289
823
276
243
94
55
67
106
614
176
376
114
825
897
393
225
